8.547919930287822
7.223603972979413
7.908019872226787
6.578812510813995
9.222665607602362
7.994548302083783
7.249504381308565
7.782672714031963
8.813620321246006
7.716052427655869
7.281463797039802
6.542891854503964
8.038339475553672
5.29651434037847
7.254518770943779
9.210267048598418
8.11368577198854
7.780112449188005
9.790033145638079
8.696125470437726
5.522778258901239
8.385049770304368
6.757933258678618
8.134944992463872
8.996230017272339
8.309828681630394
7.377752714007042
6.481276578539366
9.42160498156422
7.779167439649809
7.746478977458702
7.729800852402817
6.933710020590376
7.597625306147554
5.662765063735806
8.358084116535148
7.875339170901993
9.773654960105366
7.826019051489413
6.037237638278354
8.796569368925663
7.9985623952781735
6.605875100031885
6.884622897835019
8.275435387726365
7.701742260179813
7.856395823629676
7.143041964857173
6.954396124108268
8.089353773508641
7.514507677154866
8.066979102577013
7.7411411787707545
6.720817312499852
6.852298315238401
7.85345428235288
9.020089236927552
6.970562838974779
8.292594243645265
8.861918289891728
8.756000191862256
7.5029243170163875
8.16409630119129
6.82182431201236
7.519571986374421
7.722344728684917
7.318826395919606
7.886103010242541
6.986705859867726
8.107104562363274
7.682295802855943
7.921518458658319
9.026207567513891
7.773765129817093
7.949917617240395
7.719420152028194
8.444108713148863
8.485028489140985
8.868105178689545
9.055740388600995
8.922989060424076
7.240514170336984
7.740893312679371
8.397342962029935
8.856428331041805
9.94313760761604
7.113998555742811
8.675439678793683
8.649748491439773
8.298507715989905
6.474338621905678
6.945141528822608
7.42958196618112
7.5688352090944715
7.125240839135507
7.859039915514236
8.367557115101821
9.261468170711824
8.56677973323799
7.462719876427769
8.646280262602184
8.138589157460505
10.066779045267268
7.286816567568256
8.43329779802976
6.980326674933891
9.586883726850882
9.297851244685699
7.500041777349311
8.073460010962691
7.738659305050635
5.868620259777417
7.339224611342384
8.585173688633462
8.316929992482248
7.610760015960936
7.59268360338908
8.059185522257014
7.089783000394972
7.4393587359107
8.190867201549866
5.143157889108487
7.5489043021154965
8.794670846521996
9.058074368848677
6.681125207118436
8.095971269537309
8.37162288126059
8.597227468671896
7.679830501901649
6.108099172332725
7.27586953542098
9.113485601546211
7.963176325055843
8.577522709951891
7.535212303647436
8.268616696936945
7.1182114867838
7.580282439946714
9.046053821620378
7.71083254158502
6.660585272008276
8.788867531490036
6.354336048348543
8.599952625529914
7.774085816405061
7.139054640359946
9.038197168691413
6.703486159928632
8.27436861569467
2.1064371086020195
1.9954719394077722
-1.0788719579205384
-6.616968239387487
1.1370575351687133
2.770625913378903
0.4870201344537488
2.10112363522542
0.17697677908296383
0.9990385740946669
1.1517309743391473
0.5791004955984592
1.366759047832635
2.752933342105618
0.2976148279631473
3.3999069290306356
0.7697875443943529
1.112499784382665
-1.1632737202085517
-0.41087663774055594
4.773682313457247
-2.5825776935212237
-1.0044939888217659
1.9554704136293362
5.365915209696999
-0.28271506627604404
-0.3919475324508861
0.21522714927826592
4.042603398900749
3.0858545505475963
-1.4054193693506187
-0.6771625770197445
1.831421291336845
0.48297867556043694
1.3434937052390807
1.6541822005058386
-0.5272444928814499
2.524096153284064
-0.05593758217340361
0.8535497956790614
2.0724849238322935
1.3474971579424238
3.0573330592170835
-2.0717543389051025
1.3062941990488048
0.7572749271865208
-0.6526743914478867
-0.7428619059360941
3.7037704210815656
-1.2041322576130153
0.6290092180824596
-2.093148516753335
3.0280127882503582
3.1140069022723864
4.727983741986982
0.43883227514779155
3.4123911588787768
3.570175739816224
5.1949491816984725
-1.164001200777998
-2.642303220154003
2.8560106726256205
-1.364393486147074
0.751900101588213
4.090317120704357
3.676536221295111
3.384075876228217
1.3855950247359297
-0.05460227932251893
-1.0126019332599276
0.940785461949848
0.8140525554871018
1.3332779946284377
-1.606051817832192
-0.9331080240106493
3.0568790920559437
0.05652658518220799
-0.060489931528781904
1.970433632737573
-1.7060603536505474
2.0088485146388306
-0.33690419197390575
0.40258801059064375
-2.684563772106945
-0.055317297116202147
0.8305165280650382
2.7413020624499533
1.80532777934286
1.7420274813480263
-0.9488255766538951
0.8469780904088433
1.3062725693722221
1.1826766534248425
0.5957367889130922
-3.269394574824492
0.3837061252818885
1.0466246961572607
2.5845511227084343
2.315771660361172
-1.2506898493217484
0.9633463954351343
-2.3097461295811885
2.656531117569397
-0.15875755123500945
1.9063997682066416
1.2123158369501104
0.05897199173786705
-2.762533957129121
0.4453692952767122
-0.4141967334310308
2.4816698381262343
-0.5890250523101639
1.7060928230390227
1.6952684404739018
0.32933654717454797
4.359039134375416
-2.407376957491592
0.7230624888860759
1.7613619805550353
0.04417465592084879
0.889843058948347
-0.34446592576556156
0.059303841875935404
-0.38925707891456396
1.4310186904879538
0.79715026556751
-3.03865413428423
-3.2126835114620347
2.3718651734238803
1.208440194011686
3.138793625894193
0.5931383496525557
-1.3253261115168695
-2.2986101189717902
-1.3594455689176264
4.370260757724276
-0.3705789385780285
2.487015209757672
0.1863197789493345
-2.3688736736984293
1.2376167308770818
-0.5418945358011
2.759670573849257
-0.14705666382708094
-0.15311372341972418
0.30429870636410783
1.2264856026072422
4.556138865538648
1.4499770685029358
0.2517598293628104
-0.7978197692216731
1.0881684894331811
3.52052473025473
-0.9417880505541532
-2.085386824729657
5.018332450400141
1.55463658469899
0.18932812877717853
3.5873591543963377
3.1687797653692793
0.653627925010291
-1.1947990014129934
5.1687356938957665
1.6780018652267792
1.328489889981451
3.0046225754716804
-3.0511409406087173
-1.411976326247602
-0.21638780304204364
-1.6497022784971125
2.8236681044993923
-1.3549358334786845
-1.4161996969570247
-1.2214719148123652
-1.1460856860459971
2.237458265736883
-0.4867214639374451
2.9802421377519472
1.5455324746764367
3.0739107847528144
-2.0621781297172435
5.557675091943124
0.516306048878276
0.09540172507385691
0.3344240632045804
-2.765953287114097
1.8914922563791277
3.117443861294012
2.4077633361558606
-2.14439143261328
6.091552931713531
-2.7095287942329263
-1.5076001530049026
0.22085460787060462
0.38511185252414126
1.396186174955517
5.380450346420449
1.7983183587817186
5.857439115464398
2.667245306627034
1.3278914951752079
-0.18932954879681252
-0.8017794181025839
-1.176496851875954
3.0334140911289036
5.243004920494483
-0.9535623501857065
2.5166929773758384
2.0984611592194606
2.2672500616516436
1.2448983488225243
3.21871485452646
2.274771425993395
-0.6778279129405824
1.9264242217297065
3.187399708552922
-1.1726421361035744
0.44304904338651774
2.8443712457340062
0.9974858275630645
0.9427298348247533
1.716807575315598
3.547564470032983
-0.9637971199798891
6.048968048805233
0.7113970751849362
0.18126396643092413
2.9543066379161615
-1.232638890439453
-1.7114669930210997
1.7517041521897758
0.15954214755286888
3.448698566622124
-2.10225927352995
0.5163809292832027
-0.796331681452477
-0.33893447779164143
1.2170019454227898
1.8350853350395044
1.690462270874913
-0.017446677173706515
-1.0352783522484934
0.8537043693279712
-1.218406228007658
-0.9352679416303291
-2.494538509361727
2.2468185692545433
4.5113285510414585
2.838069394685376
1.3667023810095604
-0.586811999412328
-1.0907434072089965
0.12023348568171854
0.43185968794507745
-2.7043796002111264
-0.34462016697507925
-0.2211468519596913
-1.1157333993466771
0.8465015965833794
1.959532052738464
-0.13042486425211153
0.3534507755735473
0.8165112284158313
2.1768242420702797
2.598583976111305
0.08872355894550832
1.850472884210366
2.998709163701087
-0.1155378206195492
2.953139111298208
4.146683410698108
2.064378786200119
4.892714065158908
-1.6658033372159573
-0.5415837838601727
6.076505270736907
0.7192997714733851
-2.4826011438696316
2.459172198890861
1.2488601590522301
-1.1331921224666535
1.6394773241595857
3.1549479475825355
0.8929607117351297
2.4140813958217255
0.4083988007022802
2.1862708546231966
-2.429889663835055
-0.35850690635270754
0.3661054119359204
0.15513312000988944
7.6485934895163075
-1.50907011305855
-2.533116165713891
0.5681127825986779
-1.5760803846349623
5.485266012353485
1.6906244093524805
0.3241292999334421
0.2885397840203774
0.8520345550222016
-2.7048115951926714
-0.9342969522028695
2.3195617092830583
0.39332408178274714
-0.4181250021927767
4.02784047846311
1.226875095912298
1.115397655157615
2.309858270972283
-1.8301414071933468
2.450274972276152
0.6508040208644246
1.9356811712550508
0.24697298453803296
0.962899660125645
-3.461996415293668
-2.7072244223227693
-2.2690377458118953
-0.0865608518882155
1.249340637378265
2.7576388619726884
2.844436546624833
-0.7459728959431695
0.06071712403719354
2.533992814003274
-0.2152531363449086
4.487686202911684
3.062298629345884
0.6753141522329831
3.0162439881210097
1.8294007518962614
-2.2063071017070177
3.0008399438379922
2.5732025071941593
0.07187528527974596
1.957567523154326
2.255880078173873
0.45304397224972737
-0.23664948670558328
2.5955763455352203
2.2271478793317576
-0.9669665093514899
-1.5975031592553384
5.65418296458668
0.8714265082090782
1.292593626100906
-1.6012941327517178
1.181359128856634
2.0275424222055403
